0 0 0 0 0 0 9 0
1 223 37 17 23 25 20 294
2 126 43 10 7 3 0 225
3 170 48 17 20 7 5 557
4 328 53 27 22 6 0 7501
5 250 51 29 21 7 0 1847
6 361 55 34 21 5 0 13745
7 145 43 14 9 4 0 1222
8 48 38 3 5 3 0 0
9 17 35 1 4 0 0 0
10 201 48 17 13 3 0 1301
11 24 35 2 4 2 0 0
12 24 36 2 4 2 0 0
13 28 36 0 4 1 0 0
14 31 37 2 4 2 0 0
15 123 42 10 11 1 0 1746
16 71 39 3 6 4 0 0
17 21 36 1 4 2 0 0
18 17 36 2 4 2 0 0
19 16 35 1 4 1 0 0
20 49 37 2 4 2 0 0
21 20 36 2 4 1 0 0
22 214 44 13 14 4 0 4797
23 233 48 19 15 5 0 5740
24 212 47 19 16 4 0 5607
25 19 36 2 4 2 0 0
26 69 38 2 6 3 0 0
27 57 38 5 8 2 0 37
28 24 36 2 4 3 0 0
29 38 37 4 8 3 0 13
30 33 37 2 4 2 0 0
31 18 35 1 4 1 0 0
32 18 35 1 4 1 0 0
33 40 37 2 4 0 0 0
34 18 36 2 4 2 0 0
35 148 28 19 29 14 6 253
36 78 41 8 6 3 0 62
37 232 49 20 17 4 0 4772
38 132 36 9 10 4 0 0
39 171 22 15 12 3 0 4367
40 234 48 19 17 5 0 3230
41 572 64 47 39 10 0 17157
42 456 62 40 37 8 0 6566
43 117 41 10 10 4 0 3408
44 169 43 14 14 2 0 2240
45 109 41 9 10 2 0 2388
46 285 51 22 19 6 0 4702
47 147 45 9 8 2 0 0
48 318 54 29 21 6 0 4628
49 174 45 13 10 6 0 0
50 307 52 26 21 6 0 4702
51 132 40 8 7 2 0 0
52 307 54 25 20 5 0 4628
53 128 42 8 7 4 0 0
54 309 53 24 18 7 0 4702
55 140 44 8 7 3 0 0
56 383 49 21 18 5 0 4702
57 116 42 7 7 2 0 0
58 331 53 26 20 6 0 4628
59 124 44 10 9 4 0 0
60 304 53 22 19 6 0 4628
61 60 38 3 5 2 0 0
62 26 36 2 4 2 0 0
63 41 38 2 4 1 0 0
64 25 36 1 4 2 0 0
65 16 35 1 4 1 0 0
66 43 37 5 6 1 0 282
67 465 62 42 35 7 0 10219
68 688 62 42 38 11 0 29544
69 339 53 27 22 6 0 6087
70 395 50 23 23 6 0 13825
71 21 35 2 4 1 0 0
72 95 40 8 9 3 0 434
73 26 36 1 4 2 0 0
74 18 35 1 4 1 0 0
75 24 35 2 4 0 0 0
76 43 37 2 4 1 0 0
77 99 40 8 8 2 0 428
78 16 35 2 4 1 0 0
79 43 37 3 6 2 0 0
80 128 40 7 10 2 0 3989
81 357 57 35 27 6 0 5734
82 96 40 8 9 3 0 430
83 26 35 1 4 2 0 0
84 162 44 11 13 3 0 2034
85 22 36 2 4 2 0 0
86 42 38 1 4 2 0 0
87 23 36 2 4 1 0 0
88 16 35 1 4 1 0 0
89 14 35 2 4 1 0 0
90 219 45 13 15 6 0 7524
91 574 59 36 29 9 0 38918
92 431 63 38 30 8 0 11369
93 42 41 7 15 4 0 141
94 117 37 10 13 7 0 253
95 58 39 5 8 4 0 31
96 149 44 11 13 7 0 738
97 95 40 7 10 5 0 30
98 17 35 2 4 1 0 0
99 174 48 15 11 3 0 821
100 23 36 1 4 2 0 0
101 19 36 2 4 2 0 0
102 24 35 1 4 2 0 0
103 41 37 1 4 1 0 0
104 192 46 18 15 3 0 1549
105 186 46 17 11 5 0 1168
106 95 41 7 9 2 0 478
107 283 53 28 33 10 0 2898
108 34 37 2 4 3 0 0
109 55 39 4 8 4 0 31
110 28 36 2 4 2 0 0
111 73 40 6 10 4 0 15
112 19 35 2 4 1 0 0
113 23 36 1 4 2 0 0
114 15 35 2 4 1 0 0
115 41 37 2 4 2 0 0
116 93 41 6 10 5 0 96
117 78 39 5 8 3 0 30
118 33 18 6 7 5 1 7
119 82 16 12 20 8 5 224
120 333 57 31 28 12 0 1167
121 137 44 12 14 7 0 1053
122 378 57 38 29 11 0 6121
123 478 58 41 37 10 0 10324
124 241 52 20 17 8 0 2491
125 258 49 18 17 4 0 2240
126 227 49 15 13 4 0 2462
127 489 62 42 39 9 0 11542
128 450 60 39 30 10 0 9295
129 422 55 39 34 8 0 9450
130 35 37 3 4 2 0 0
131 294 53 27 18 7 0 4628
132 174 43 10 9 3 0 0
133 331 54 29 20 6 0 4628
134 209 50 20 23 12 0 211
135 338 52 30 25 9 0 2252
136 25 36 1 4 2 0 0
137 21 35 2 4 1 0 0
138 21 35 1 4 1 0 0
139 43 36 1 4 1 0 0
140 33 36 2 4 2 0 0
141 112 40 10 10 2 0 990
142 335 55 27 19 7 0 5566
143 21 35 2 4 1 0 0
144 50 38 4 6 3 0 0
145 53 36 1 4 2 0 0
146 40 36 2 4 2 0 0
147 23 35 1 4 0 0 0
148 46 37 2 4 2 0 0
149 246 47 19 19 6 0 13258
150 437 57 35 31 8 0 9079
151 492 64 44 43 10 0 2392
152 573 44 30 33 8 0 45549
153 621 60 45 40 9 0 19621
154 709 59 48 43 11 0 35035
155 665 65 48 44 12 0 14831
156 625 65 48 46 10 0 13539
157 881 61 49 45 12 0 40798
158 842 52 44 37 10 0 100267
159 927 62 46 44 14 0 114108
160 891 49 33 32 10 0 117032
161 865 39 28 30 11 0 152150
162 929 59 44 41 12 0 128734
163 1051 51 36 29 14 0 169781
164 939 67 45 44 16 0 99568
165 841 55 43 40 13 0 66332
166 903 64 44 41 12 0 78436
167 1074 62 50 46 14 0 67693
168 975 59 40 35 12 0 109128
169 805 51 31 28 13 0 89667
170 905 58 37 33 11 0 43371
171 679 52 38 36 9 0 41301
172 898 59 45 45 12 0 48239
173 894 47 31 30 10 0 184437
174 774 59 42 41 11 0 35814
175 676 60 47 46 10 0 51193
176 612 65 50 47 10 0 14529
177 686 64 49 42 11 0 16983
178 642 65 48 42 10 0 14097
179 666 62 41 38 10 0 20212
180 751 50 32 31 9 0 36587
181 954 60 38 24 13 0 125400
182 1093 44 24 17 9 0 265351
183 973 55 37 32 12 0 150368
184 860 45 30 30 10 0 144759
185 862 61 36 28 15 0 92132
186 999 66 44 36 13 0 81146
187 1048 62 47 41 13 0 91958
188 1003 59 42 38 12 0 89923
189 998 63 41 31 12 0 76797
190 646 46 28 25 8 0 59761
191 876 47 28 21 10 0 117404
192 877 52 37 33 11 0 97607
193 798 39 28 21 7 0 114605
194 768 36 35 22 12 0 79719
195 820 41 33 28 11 0 176207
196 961 55 42 35 14 0 93117
197 1092 67 47 41 15 0 104811
198 958 54 29 24 12 0 136284
199 898 45 37 25 8 0 106326
200 976 51 37 32 11 0 183943
201 775 51 33 24 10 0 50257
202 911 59 43 35 11 0 47553
203 964 60 47 35 14 0 48632
204 861 57 41 28 12 0 42919
205 865 60 45 28 12 0 44688
206 930 63 47 33 12 0 50913
207 889 63 47 33 10 0 48580
208 778 45 32 27 9 0 58856
209 702 41 26 30 10 0 261621
210 1020 58 43 33 11 0 163057
211 964 57 43 35 13 0 174215
212 1026 66 50 43 14 0 51317
213 852 63 44 37 10 0 52588
214 809 59 41 35 11 0 43974
215 943 56 37 33 12 0 126912
216 1013 62 44 40 14 0 101379
217 1034 69 47 41 15 0 49972
218 818 56 38 34 10 0 46945
219 923 58 45 40 12 0 50980
220 1022 65 46 40 15 0 50790
221 997 63 43 39 13 0 50732
222 1018 66 49 42 13 0 51461
223 822 62 46 33 10 0 50299
224 745 50 42 35 13 0 41318
225 1040 64 46 41 13 0 157606
226 1469 55 39 28 12 0 575502
227 1234 59 40 24 11 0 344811
228 1154 51 34 22 12 0 514637
229 1109 53 36 24 15 0 283610
230 1060 62 36 24 12 0 130360
231 1190 52 34 20 13 0 555952
232 813 57 36 24 12 0 131449
233 917 59 39 27 13 0 228682
234 1058 49 22 22 11 0 465780
235 952 49 36 35 13 0 589563
236 1344 58 37 26 19 0 599323
237 1121 57 33 21 10 0 675200
238 847 53 33 17 10 0 207381
239 974 56 36 24 9 0 355710
240 1106 53 32 23 12 0 671139
241 978 49 28 18 9 0 332070
242 1357 54 24 16 13 0 450178
243 710 39 25 21 8 0 271544
244 949 57 41 36 14 0 45802
245 1079 36 13 21 4 0 507861
246 838 37 24 20 8 0 331102
247 1096 51 29 17 12 0 313012
248 892 48 31 29 11 0 285964
249 906 48 34 35 12 0 149579
250 1017 45 33 27 12 0 308729
251 1073 56 32 24 10 0 123739
252 1041 45 20 21 7 0 401642
253 1100 49 35 31 9 0 450874
254 986 44 24 29 10 0 555383
255 1082 47 34 29 14 0 217344
256 1109 56 33 22 15 0 243712
257 1179 50 36 29 11 0 255318
258 954 37 25 24 8 0 336298
259 980 49 31 26 9 0 306654
260 1067 48 28 29 15 0 305999
261 1062 57 45 29 12 0 276426
262 1040 42 24 24 9 0 328021
263 1172 49 28 24 9 0 339235
264 1136 30 18 14 8 0 402662
265 1084 52 28 17 13 0 244604
266 1027 50 29 18 9 0 101988
267 1187 41 30 27 15 0 406259
268 1101 50 26 23 10 0 477365
269 1133 52 27 26 10 0 647244
270 1246 61 40 22 13 0 449800
271 1256 49 30 22 11 0 562959
272 1211 57 37 22 13 0 299347
273 1393 62 39 19 16 0 810210
274 1108 54 31 16 10 0 389561
275 1132 62 43 24 11 0 399116
276 1241 64 35 19 16 0 277542
277 1153 55 33 19 13 0 222066
278 1302 48 31 19 11 0 624031
279 961 54 28 19 13 0 412114
280 1226 69 38 25 13 0 367631
281 1160 59 36 19 11 0 404129
282 1159 65 41 22 11 0 232488
283 1323 57 35 20 15 0 357231
284 990 49 38 24 11 0 284039
285 1158 48 34 26 9 0 340106
286 1044 61 39 28 13 0 278831
287 1223 50 35 24 16 0 428341
288 1003 52 34 24 7 0 288372
289 893 58 41 28 10 0 178099
290 815 54 34 26 8 0 238001
291 990 57 36 23 11 0 148914
292 934 57 39 27 11 0 254417
293 817 41 27 16 9 0 162388
294 1247 51 35 19 14 0 292238
295 1205 56 35 21 13 0 378802
296 989 58 32 21 9 0 376407
297 923 52 34 22 8 0 257499
298 961 45 36 21 10 0 323647
299 728 57 39 26 9 0 89520
300 1051 51 36 18 8 0 370701
301 904 59 39 25 10 0 391181
302 945 57 34 20 9 0 167448
303 1133 48 25 15 7 0 509451
304 836 60 36 15 9 0 171326
305 862 52 35 21 9 0 187482
306 530 62 36 18 5 0 12112
307 489 61 35 17 5 0 7776
308 608 51 40 24 7 0 132354
309 933 53 35 23 9 0 179680
310 1270 56 37 23 14 0 497630
311 1049 59 38 21 10 0 230916
312 800 58 33 22 10 0 79111
313 222 48 17 15 8 0 132
314 184 44 12 11 4 0 102
315 437 60 38 30 7 0 6506
316 538 59 40 29 10 0 13337
317 491 61 41 35 10 0 8680
318 328 52 32 26 11 0 5009
319 284 51 20 18 5 0 4496
320 169 48 14 10 4 0 136
321 253 49 20 17 5 0 2314
322 163 45 14 10 4 0 2392
323 342 54 30 21 7 0 2550
324 175 45 13 10 3 0 2392
325 209 48 13 14 5 0 1220
326 209 47 17 14 4 0 3486
327 187 45 16 12 3 0 1220
328 240 54 26 23 11 0 3682
329 251 48 20 20 8 0 1251
330 232 51 20 17 8 0 3582
331 248 50 22 20 9 0 1250
332 235 50 16 13 5 0 3486
333 193 45 14 14 4 0 1220
334 279 51 22 16 5 0 3486
335 155 44 11 11 2 0 312
336 276 50 22 17 6 0 4394
337 178 44 12 12 3 0 1220
338 251 50 20 15 5 0 3412
339 176 47 12 13 3 0 230
340 301 53 22 17 6 0 4402
341 160 48 12 13 5 0 184
342 382 57 32 25 9 0 6131
343 143 44 14 12 5 0 31
344 383 55 28 23 7 0 4706
345 141 43 8 7 2 0 0
346 374 54 30 22 7 0 5696
347 251 49 18 15 6 0 6742
348 338 54 25 23 6 0 4706
349 136 43 10 9 2 0 0
350 311 52 27 20 7 0 4706
351 153 45 9 8 2 0 82
352 303 52 27 19 5 0 4550
353 160 49 15 17 8 0 123
354 335 52 26 21 7 0 4632
355 133 43 7 7 3 0 0
356 343 52 28 20 7 0 4706
357 112 41 7 8 3 0 0
358 309 53 23 18 5 0 4632
359 200 49 21 21 11 0 208
360 292 52 25 19 6 0 4624
361 115 42 9 7 2 0 0
362 298 52 27 19 6 0 4706
363 156 42 12 12 3 0 378
364 276 52 21 16 5 0 4402
365 165 45 11 11 4 0 312
366 251 50 22 17 4 0 4320
367 162 44 14 13 2 0 1220
368 225 49 17 13 5 0 3486
369 198 47 18 17 6 0 1322
370 289 49 23 24 10 0 3580
371 266 50 20 18 6 0 1251
372 180 44 15 11 4 0 3486
373 208 48 17 13 5 0 1220
374 178 44 15 11 4 0 3486
375 237 49 18 16 4 0 2240
376 182 45 13 10 4 0 2466
377 418 58 33 24 8 0 8559
378 172 44 11 10 3 0 2392
379 222 47 17 14 5 0 1220
380 209 47 17 13 5 0 3412
381 268 51 23 24 9 0 1343
382 227 49 20 13 4 0 3481
383 195 45 14 13 4 0 1220
384 267 47 17 13 4 0 3482
385 198 47 15 13 4 0 1220
386 261 49 20 13 5 0 3408
387 175 47 16 14 4 0 1220
388 309 52 24 16 4 0 4907
389 247 47 19 16 4 0 1032
390 596 64 45 41 10 0 18642
391 662 60 41 38 10 0 48161
392 381 54 35 24 9 0 5963
393 199 45 14 12 3 0 1865
394 341 53 24 18 6 0 2240
395 159 43 12 10 3 0 2388
396 311 49 22 16 6 0 1220
397 210 47 13 12 3 0 3408
398 227 49 21 20 8 0 408
399 293 45 29 20 8 0 3512
400 129 44 8 7 3 0 0
401 334 52 26 22 8 0 4628
402 97 40 6 6 3 0 0
403 17 35 1 4 1 0 0
404 45 37 1 4 2 0 0
405 143 43 11 11 2 0 1506
406 18 35 2 4 1 0 0
407 112 41 8 9 3 0 678
408 18 35 1 4 1 0 0
409 59 40 5 8 4 0 102
410 130 46 11 16 9 0 125
411 47 37 3 6 2 0 0
412 302 48 15 14 5 0 19914
413 22 35 2 4 1 0 0
414 15 35 1 4 1 0 0
415 20 35 2 4 1 0 0
416 41 37 2 4 2 0 0
417 42 36 0 4 0 0 0
418 244 48 20 17 4 0 1863
419 24 36 2 4 2 0 0
420 81 37 3 7 3 0 92
421 129 43 10 13 7 0 31
422 78 38 5 8 4 0 37
423 65 39 6 6 2 0 124
424 60 39 5 8 4 0 13
425 22 36 2 4 3 0 0
426 18 35 1 4 1 0 0
427 46 38 1 4 2 0 0
428 28 36 2 4 2 0 0
429 19 35 2 4 0 0 0
430 18 36 0 4 2 0 0
431 78 40 6 8 3 0 92
432 133 43 9 12 7 0 31
433 25 36 1 4 3 0 0
434 280 45 29 35 15 6 5928
435 165 44 15 17 6 0 22299
436 73 38 4 8 3 0 30
437 21 36 2 4 2 0 0
438 17 35 2 4 1 0 0
439 22 36 0 4 2 0 0
440 101 40 8 9 2 0 504
441 19 35 2 4 0 0 0
442 18 36 2 4 2 0 0
443 15 35 0 4 1 0 0
444 48 38 2 4 2 0 0
445 104 40 9 9 2 0 429
446 142 48 11 14 8 0 199
447 145 45 11 16 9 0 125
448 29 36 1 4 2 0 0
449 62 38 4 9 5 0 15
450 129 41 11 9 3 0 434
451 24 36 2 4 2 0 0
452 24 36 0 4 2 0 0
453 42 37 2 4 1 0 0
454 26 35 2 4 1 0 0
455 95 40 6 7 2 0 116
456 65 38 5 6 3 0 314
457 56 40 5 8 4 0 92
458 90 40 6 10 5 0 31
459 53 37 3 6 1 0 0
460 51 37 2 4 2 0 0
461 0 1 0 1 0 0 0