2.0 29.3069306931
3.0 29.4421052632
4.0 29.567839196
5.0 30.8102564103
6.0 32.0744680851
7.0 29.8144329897
8.0 31.8064516129
9.0 29.6062176166
10.0 29.8709677419
11.0 30.59375
12.0 30.3365384615
13.0 31.8265306122
14.0 30.152284264
15.0 29.8901098901
16.0 29.4031413613
17.0 30.40625
18.0 29.1155778894
19.0 30.7777777778
20.0 30.1979166667
21.0 29.7587939698
22.0 31.6540540541
23.0 30.7373737374
24.0 28.93
25.0 29.8190954774
26.0 29.2780487805
27.0 28.4820512821
28.0 29.8492462312
29.0 28.5025125628
30.0 30.722513089
31.0 31.9057591623
32.0 32.419047619
33.0 28.8730964467
34.0 32.1382978723
35.0 29.5
36.0 30.6020408163
37.0 30.1743589744
38.0 29.2
39.0 31.3333333333
40.0 31.1783783784
41.0 29.7934782609
42.0 32.6629834254
43.0 30.6069651741
44.0 30.5654450262
45.0 32.62
46.0 31.9790575916
47.0 32.3597883598
48.0 31.202020202
49.0 29.6019417476
50.0 29.4218009479
51.0 30.0526315789
52.0 31.9191919192
53.0 29.6884422111
54.0 31.378238342
55.0 32.9903846154
56.0 31.0588235294
57.0 31.2307692308
58.0 31.4427860697
59.0 31.0731707317
60.0 31.0206185567
61.0 30.2068965517
62.0 32.9723756906
63.0 30.1968911917
64.0 30.5641025641
65.0 31.8383838384
66.0 34.2978723404
67.0 29.875
68.0 29.0412371134
69.0 27.9130434783
70.0 30.472361809
71.0 31.1428571429
72.0 32.57
73.0 33.1191709845
74.0 33.2356020942
75.0 31.5212765957
76.0 31.3467336683
77.0 31.3502538071
78.0 31.381443299
79.0 31.6324324324
80.0 30.8076923077
81.0 30.8102564103
82.0 29.8674033149
83.0 31.4341463415
84.0 30.5151515152
85.0 30.5347593583
86.0 30.8404255319
87.0 31.25
88.0 32.1170212766
89.0 30.5742574257
90.0 32.3861386139
91.0 31.4455445545
92.0 31.9548022599
93.0 31.6170212766
94.0 32.0707070707
95.0 33.8860103627
96.0 31.0206185567
97.0 30.8376963351
98.0 30.0487804878
99.0 32.4064171123
100.0 31.8201058201
101.0 31.35
102.0 30.4851485149
103.0 29.6145833333
104.0 30.6349206349
105.0 31.3756613757
106.0 31.0495049505
107.0 30.0576923077
108.0 32.53
109.0 28.0873786408
110.0 29.2380952381
111.0 30.4120603015
112.0 32.4105263158
113.0 31.1882352941
114.0 29.5252525253
115.0 29.5980392157
116.0 29.7230769231
117.0 30.9071038251
118.0 30.5583756345
119.0 31.8222222222
120.0 30.3349282297
121.0 31.7197452229
124.0 30.2170542636
125.0 31.0680628272
126.0 28.8780487805
127.0 30.9294117647
128.0 29.2368421053
129.0 31.0186335404
130.0 32.7
131.0 30.9645390071
132.0 31.6571428571
133.0 31.0943396226
134.0 30.7741935484
135.0 31.3513513514
136.0 32.7435897436
137.0 30.1420118343
138.0 30.3793103448
139.0 30.6887417219
140.0 28.3055555556
142.0 30.7826086957
143.0 32.2272727273
144.0 29.3913043478
145.0 29.9873417722
146.0 31.6496350365
147.0 32.4941176471
148.0 30.2258064516
149.0 29.9435028249
150.0 30.6419753086
151.0 31.8865248227
152.0 31.3774834437
153.0 30.7388535032
154.0 30.7175572519
155.0 31.6914285714
156.0 31.3950617284
157.0 30.7260273973
158.0 31.2185430464
159.0 35.2985074627
162.0 29.4821428571
163.0 30.1884057971
164.0 30.012345679
165.0 33.3416149068
166.0 32.1581920904
167.0 28.6216216216
168.0 31.6818181818
169.0 30.7733333333
170.0 29.9102564103
171.0 29.4827586207
172.0 33.9075144509
173.0 30.4025974026
174.0 32.1804511278
175.0 31.9310344828
