0 0
0 0.009998162
0 0.019996323
0 0.029994485
0 0.039992647
0 0.049990809
0 0.05998897
0 0.069987132
0 0.079985294
0 0.089983456
0 0.099981617
0 0.109979779
0 0.119977941
0 0.129976102
0 0.139974264
0 0.149972426
0 0.159970588
0 0.169968749
0 0.179966911
0 0.189965073
0 0.199963235
0 0.209961396
0 0.219959558
0 0.22995772
0 0.239955881
0 0.249954043
0 0.259952205
0 0.269950367
0 0.279948528
0 0.28994669
0 0.299944852
0 0.309943014
0 0.319941175
0 0.329939337
0 0.339937499
0 0.34993566
0.020628236 0.359933822
0.036478043 0.369931984
0.040531158 0.379930146
0.042676926 0.389928307
0.04529953 0.399926469
0.04696846 0.409924631
0.048160553 0.419922793
0.049352646 0.429920954
0.050783157 0.439919116
0.052690506 0.449917278
0.055789948 0.459915439
0.059843063 0.469913601
0.064373016 0.479911763
0.067219818 0.489909925
0.070095062 0.499908086
0.074433731 0.509906248
0.082015991 0.51990441
0.088691711 0.529902572
0.096321106 0.539900733
0.105619431 0.549898895
0.114917755 0.559897057
0.12254715 0.569895218
0.133752823 0.57989338
0.141335251 0.589891542
0.154972076 0.599889704
0.174283981 0.609887865
0.1912117 0.619886027
0.215053558 0.629884189
0.243902206 0.639882351
0.280292862 0.649880512
0.317335129 0.659878674
0.356606857 0.669876836
0.39434433 0.679874997
0.435132477 0.689873159
0.475645065 0.699871321
0.521183014 0.709869483
0.572919846 0.719867644
0.628709793 0.729865806
0.683546066 0.739863968
0.738721085 0.74986213
0.803232193 0.759860291
0.880718231 0.769858453
0.968416977 0.779856615
1.064739777 0.789854776
1.165866852 0.799852938
1.281837814 0.8098511
1.399040222 0.819849262
1.543554428 0.829847423
1.707313705 0.839845585
1.89682222 0.849843747
2.085783447 0.859841909
2.251982971 0.86984007
2.43074617 0.879838232
2.619365677 0.889836394
2.848307053 0.899834555
3.078238739 0.909832717
3.283633865 0.919830879
3.570451294 0.929829041
3.951311111 0.939827202
4.417247391 0.949825364
5.092407669 0.959823526
6.093772933 0.969821688
8.044364746 0.979819849
13.00048613 0.989818011
128.4264555 0.999816173
128.4603983	0.999826384
128.5102278	0.999836596
129.3423595	0.999846809
129.39505	0.999857022
133.2712416	0.999867234
133.5125212	0.999877447
133.8024382	0.99988766
135.5738029	0.999897873
135.64962	0.999908085
136.0935554	0.999918298
136.101485	0.999928511
136.1739642	0.999938724
138.561651	0.999948936
138.8584821	0.999959149
139.2187326	0.999969362
139.4273646	0.999979575
139.5952644	0.999989787
139.7425382	1