16-Q1 1278961 240327  0.187907997 18541778  1245721  
16-Q2 5752886 569480  0.098990315 24294664  1815201
16-Q3 1507497 403761  0.267835359 25802161  2218962
16-Q4 2004481 213149  0.106336254 27806642  2432111
17-Q1 8045704 401464  0.049897933 35852346  2833575
17-Q2 427373  286562  0.670519663 36279719  3120137
17-Q3 2629373 1483657 0.564262659 38909092  4603794
17-Q4 20845140  1033461 0.049578031 59754232  5637255
18-Q1 26371572  1184210 0.044904794 86125804  6821465
18-Q2 9054448 1623308 0.179282934 95180252  8444773
18-Q3 5448932 421496  0.077353874 100629184 8866269
18-Q4 32285064  752961  0.023322271 132914248 9619230
19-Q1 57198750  772646  0.013508092 190112998 10391876
19-Q2 2765778985  42425010  0.015339263 2955891983  52816886
19-Q3 1011052835  14490086  0.01433168  3966944818  67306972
19-Q4 412406707 3723247 0.009028095 4379351525  71030219
20-Q1 469528789 2508988 0.00534363  4848880314  73539207
20-Q2 900705931 16315160  0.018113748 5749586245  89854367
20-Q3 317706043 5818323 0.018313542 6067292288  95672690