0.0 100	100	100	100
0.3333333333333333 100	100	100	100
0.6666666666666666 100	100	100	99.64826415
1.0 99.74116981	99.69271698	99.55724528	99.64826415
1.3333333333333333 99.74116981	99.69271698	99.55724528	99.64826415
1.6666666666666667 99.74116981	99.69271698	99.55724528	99.2094717
2.0 99.52781132	99.45516981	99.20143396	99.01501887
2.3333333333333335 99.52781132	99.45516981	99.20143396	99.01501887
2.6666666666666665 99.31286792	99.45516981	99.20143396	98.81373585
3.0 99.31286792	99.20215094	98.86332075	98.81373585
3.3333333333333335 99.31286792	99.20215094	98.86332075	98.81373585
3.6666666666666665 99.09875472	99.20215094	98.55773585	98.43698113
4.0 99.09875472	98.93649057	98.53592453	98.43698113
4.333333333333333 99.09875472	98.93649057	98.53592453	98.43698113
4.666666666666667 98.88641509	98.93649057	98.53592453	98.07603774
5.0 98.88641509	98.68618868	98.19743396	98.07603774
5.333333333333333 98.88641509	98.68618868	98.19743396	97.71026415
5.666666666666667 98.68033962	98.68618868	98.19743396	97.71026415
6.0 98.68033962	98.42954717	97.87015094	97.48830189
6.333333333333333 98.68033962	98.42954717	97.87015094	97.33698113
6.666666666666667 98.46320755	98.16641509	97.54713208	97.33698113
7.0 98.46320755	98.16641509	97.54713208	97.33698113
7.333333333333333 98.46320755	98.16641509	97.54713208	96.97184906
7.666666666666667 98.25135849	97.91758491	97.22339623	96.97184906
8.0 98.25135849	97.91758491	97.22339623	96.97184906
8.333333333333334 98.25135849	97.91758491	97.22339623	96.62426415
8.666666666666666 98.03430189	97.65966038	96.8974717	96.62426415
9.0 98.03430189	97.65966038	96.8974717	96.62426415
9.333333333333334 98.03430189	97.65966038	96.6565283	96.28901887
9.666666666666666 97.81875472	97.40418868	96.55950943	96.28901887
10.0 97.81875472	97.40418868	96.55950943	96.28901887
10.333333333333334 97.63581132	97.40418868	96.55950943	95.94875472
10.666666666666666 97.60856604	97.14664151	96.22222642	95.94875472
11.0 97.60856604	97.14664151	96.22222642	95.94875472
11.333333333333334 97.60856604	97.14664151	96.22222642	95.60464151
11.666666666666666 97.39226415	96.88166038	95.89686792	95.60464151
12.0 97.39226415	96.88166038	95.89686792	95.60464151
12.333333333333334 97.39226415	96.72128302	95.89686792	95.256
12.666666666666666 97.17516981	96.6149434	95.55649057	95.256
13.0 97.17516981	96.6149434	95.55649057	95.256
13.333333333333334 97.17516981	96.6149434	95.55649057	94.92116981
13.666666666666666 96.96381132	96.33732075	95.23415094	94.92116981
14.0 96.96381132	96.33732075	95.23415094	94.92116981
14.333333333333334 96.74826415	96.33732075	95.23415094	94.52415094
14.666666666666666 96.74826415	96.06298113	94.90607547	94.52415094
15.0 96.74826415	96.06298113	94.63358491	94.52415094
15.333333333333334 96.52241509	96.06298113	94.63358491	94.20384906
15.666666666666666 96.52241509	95.80286792	94.47132075	94.20384906
16.0 96.52241509	95.80286792	94.47132075	94.20384906
16.333333333333332 96.30498113	95.80286792	94.47132075	93.87641509
16.666666666666668 96.30498113	95.55283019	94.14249057	93.87641509
17.0 96.1709434	95.55283019	94.14249057	93.55060377
17.333333333333332 96.0905283	95.2989434	94.14249057	93.55060377
17.666666666666668 96.0905283	95.2989434	93.80215094	93.55060377
18.0 96.0905283	95.2989434	93.80215094	93.2289434
18.333333333333332 95.86913208	95.03864151	93.4670566	93.18849057
18.666666666666668 95.86913208	95.03864151	93.4670566	93.18849057
19.0 95.86913208	95.03864151	93.25754717	92.90184906
19.333333333333332 95.65045283	94.78041509	93.13690566	92.90184906
19.666666666666668 95.65045283	94.74992453	93.13690566	92.90184906
20.0 95.65045283	94.74992453	93.13690566	92.57520755
20.333333333333332 95.42645283	94.52196226	92.79256604	92.57520755
20.666666666666668 95.42645283	94.52196226	92.79256604	92.57520755
21.0 95.42645283	94.52196226	92.79256604	92.24218868
21.333333333333332 95.2074717	94.2674717	92.45313208	92.24218868
21.666666666666668 95.2074717	94.2674717	92.45313208	92.24218868
22.0 95.2074717	94.2674717	92.45313208	91.91490566
22.333333333333332 94.97777358	94.0150566	92.12592453	91.91490566
22.666666666666668 94.97777358	94.0150566	92.00543396	91.91490566
23.0 94.83645283	94.0150566	92.00543396	91.5950566
23.333333333333332 94.74475472	93.76460377	91.79588679	91.5950566
23.666666666666668 94.74475472	93.76460377	91.79588679	91.5950566
24.0 94.74475472	93.76460377	91.79588679	91.27026415
24.333333333333332 94.50909434	93.50992453	91.45	91.27026415
24.666666666666668 94.50909434	93.50992453	91.45	91.27026415
25.0 94.50909434	93.50992453	91.45	90.94660377
25.333333333333332 94.27098113	93.26049057	91.10675472	90.94660377
25.666666666666668 94.27098113	93.26049057	91.10675472	90.66132075
26.0 94.0254717	93.26049057	90.79864151	90.6314717
26.333333333333332 94.0254717	93.00377358	90.7690566	90.6314717
26.666666666666668 94.0254717	93.00377358	90.7690566	90.6314717
27.0 93.78437736	93.00377358	90.7690566	90.30716981
27.333333333333332 93.78437736	92.75241509	90.42524528	90.30716981
27.666666666666668 93.61920755	92.75241509	90.42524528	90.30716981
28.0 93.54498113	92.75241509	90.42524528	89.98535849
28.333333333333332 93.54498113	92.50924528	90.08577358	89.98535849
28.666666666666668 93.54498113	92.50924528	90.08577358	89.65939623
29.0 93.30566038	92.26358491	89.73630189	89.65939623
29.333333333333332 93.30566038	92.26358491	89.64603774	89.46871698
29.666666666666668 93.30566038	92.26358491	89.64603774	89.32815094
30.0 93.06932075	92.01222642	89.37939623	89.32815094
30.333333333333332 93.06932075	92.01222642	89.37939623	89.32815094
30.666666666666668 93.06932075	92.01222642	89.37939623	89.00256604
31.0 92.83879245	91.75033962	89.04615094	89.00256604
31.333333333333332 92.83879245	91.75033962	89.04615094	89.00256604
31.666666666666668 92.83879245	91.75033962	89.04615094	88.67483019
32.0 92.60433962	91.4950566	88.71596226	88.67483019
32.333333333333336 92.52264151	91.4950566	88.71596226	88.67483019
32.666666666666664 92.41735849	91.4950566	88.47762264	88.30075472
33.0 92.35913208	91.23984906	88.35022642	88.30075472
33.333333333333336 92.35913208	91.23984906	88.35022642	88.30075472
33.666666666666664 92.35913208	91.23984906	88.35022642	87.99373585
34.0 92.1250566	90.9849434	88.0185283	87.99373585
34.333333333333336 92.1250566	90.9849434	88.0185283	87.99373585
34.666666666666664 92.1250566	90.9849434	88.0185283	87.65113208
35.0 91.89445283	90.71966038	87.68090566	87.65113208
35.333333333333336 91.89445283	90.71966038	87.68090566	87.65113208
35.666666666666664 91.89445283	90.71966038	87.68090566	87.31584906
36.0 91.65898113	90.45532075	87.31532075	87.16169811
36.333333333333336 91.65898113	90.34573585	87.31532075	87.16169811
36.666666666666664 91.65898113	90.34573585	87.31532075	86.96479245
37.0 91.42516981	90.19543396	86.99924528	86.96479245
37.333333333333336 91.42516981	90.19543396	86.99924528	86.96479245
37.666666666666664 91.16762264	90.19543396	86.99924528	86.61773585
38.0 91.16762264	89.94275472	86.66018868	86.61773585
38.333333333333336 91.16762264	89.94275472	86.66018868	86.31498113
38.666666666666664 90.90928302	89.70686792	86.37283019	86.27445283
39.0 90.90928302	89.6749434	86.3229434	86.27445283
39.333333333333336 90.90928302	89.6749434	86.17901887	85.91701887
39.666666666666664 90.66954717	89.41162264	86.17901887	85.91701887
40.0 90.66954717	89.41162264	85.99	85.91701887
40.333333333333336 90.66954717	89.41162264	85.99	85.55528302
40.666666666666664 90.42245283	89.14056604	85.6550566	85.55528302
41.0 90.42245283	89.14056604	85.6550566	85.55528302
41.333333333333336 90.42245283	89.14056604	85.6550566	85.19932075
41.666666666666664 90.18358491	88.86803774	85.31475472	85.19932075
42.0 90.07671698	88.86803774	85.31475472	85.19932075
42.333333333333336 90.07671698	88.86803774	85.06354717	84.84981132
42.666666666666664 89.94611321	88.60071698	84.98181132	84.84981132
43.0 89.94611321	88.60071698	84.98181132	84.84981132
43.333333333333336 89.94611321	88.60071698	84.98181132	84.48516981
43.666666666666664 89.70577358	88.33354717	84.63864151	84.48516981
44.0 89.70577358	88.33354717	84.63864151	84.48516981
44.333333333333336 89.70577358	88.33354717	84.63864151	84.12241509
44.666666666666664 89.42456604	88.03939623	84.3089434	84.12241509
45.0 89.42456604	88.03939623	84.3089434	84.12241509
45.333333333333336 89.42456604	88.03939623	84.3089434	83.76660377
45.666666666666664 89.19388679	87.78573585	83.96090566	83.76660377
46.0 89.19388679	87.78573585	83.96090566	83.76660377
46.333333333333336 89.19388679	87.78573585	83.96090566	83.40509434
46.666666666666664 88.91698113	87.51762264	83.62245283	83.40509434
47.0 88.91698113	87.51762264	83.62245283	83.40509434
47.333333333333336 88.76422642	87.51762264	83.62245283	83.04973585
47.666666666666664 88.73132075	87.248	83.29260377	83.04973585
48.0 88.73132075	87.248	83.29260377	82.72769811
48.333333333333336 88.73132075	87.01124528	83.01724528	82.66464151
48.666666666666664 88.49275472	86.9125283	82.91003774	82.66464151
49.0 88.49275472	86.9125283	82.91003774	82.66464151
49.333333333333336 88.2530566	86.9125283	82.91003774	82.30524528
49.666666666666664 88.2530566	86.69803774	82.55407547	82.30524528
50.0 88.2530566	86.69803774	82.55407547	82.30524528
50.333333333333336 87.99815094	86.42562264	82.55407547	81.94720755
50.666666666666664 87.99815094	86.42562264	82.18332075	81.94720755
51.0 87.99815094	86.42562264	82.18332075	81.59079245
51.333333333333336 87.73803774	86.15554717	81.83388679	81.59079245
51.666666666666664 87.73803774	86.15554717	81.7974717	81.59079245
52.0 87.73803774	86.15554717	81.7974717	81.23890566
52.333333333333336 87.49558491	85.89490566	81.47701887	81.23890566
52.666666666666664 87.49558491	85.89490566	81.47701887	81.23890566
53.0 87.49558491	85.76637736	81.47701887	80.87762264
53.333333333333336 87.25520755	85.62475472	81.10656604	80.87762264
53.666666666666664 87.25520755	85.62475472	81.10656604	80.87762264
54.0 87.25520755	85.62475472	81.10656604	80.51384906
54.333333333333336 87.01033962	85.36607547	80.72762264	80.51384906
54.666666666666664 87.01033962	85.36607547	80.72762264	80.51384906
55.0 87.01033962	85.36607547	80.72762264	80.17218868
55.333333333333336 86.75664151	85.06879245	80.35475472	80.17218868
55.666666666666664 86.67309434	85.06879245	80.35475472	80.17218868
56.0 86.67309434	85.06879245	80.35475472	79.79679245
56.333333333333336 86.49849057	84.78037736	80.00713208	79.79679245
56.666666666666664 86.49849057	84.63101887	80.00713208	79.79679245
57.0 86.30777358	84.63101887	80.00713208	79.41196226
57.333333333333336 86.25679245	84.48626415	79.63769811	79.41196226
57.666666666666664 86.25679245	84.48626415	79.63769811	79.13879245
58.0 86.25679245	84.256	79.34181132	79.05316981
58.333333333333336 86.00883019	84.20539623	79.26879245	79.05316981 