2.0 29.5714285714
3.0 34.2222222222
4.0 25.25
5.0 27.1111111111
6.0 27.4
7.0 34.0
8.0 30.1904761905
9.0 27.2
10.0 30.1176470588
11.0 27.6
12.0 28.125
13.0 27.75
14.0 35.8571428571
15.0 24.8888888889
16.0 26.0
17.0 25.1111111111
18.0 25.2631578947
19.0 38.0
20.0 29.1578947368
21.0 35.6
22.0 29.3333333333
23.0 26.8888888889
24.0 28.6666666667
25.0 23.2857142857
26.0 28.9473684211
27.0 25.2727272727
28.0 27.5555555556
29.0 26.75
30.0 27.125
31.0 30.0
32.0 30.2
33.0 27.4285714286
34.0 32.375
35.0 35.0
36.0 28.0
37.0 28.8571428571
38.0 23.0666666667
39.0 46.0
40.0 28.0
41.0 24.5454545455
42.0 29.3333333333
43.0 32.5
44.0 27.2727272727
45.0 29.6470588235
46.0 26.75
47.0 31.4
48.0 25.2857142857
49.0 23.5
50.0 29.3684210526
51.0 26.0
52.0 30.375
53.0 30.1538461538
54.0 28.75
55.0 28.8
56.0 30.8
57.0 26.3333333333
58.0 34.1666666667
59.0 32.0
60.0 32.9333333333
61.0 25.4
62.0 39.75
63.0 36.5454545455
64.0 25.6923076923
65.0 29.3846153846
66.0 40.6666666667
67.0 27.7777777778
68.0 25.2857142857
69.0 23.4666666667
70.0 31.0909090909
71.0 23.7647058824
72.0 29.2727272727
73.0 28.5
74.0 31.875
75.0 25.0
76.0 37.2
77.0 37.3333333333
78.0 32.7058823529
79.0 31.6363636364
80.0 25.9090909091
81.0 25.6666666667
82.0 28.9411764706
83.0 26.6666666667
84.0 26.7058823529
85.0 22.75
86.0 28.1818181818
87.0 24.4444444444
88.0 31.0
89.0 24.5
90.0 28.8181818182
91.0 30.4285714286
92.0 36.5454545455
93.0 33.4285714286
94.0 29.8333333333
95.0 30.5714285714
96.0 34.7692307692
97.0 27.25
98.0 26.2666666667
99.0 25.5384615385
100.0 29.6923076923
101.0 31.6666666667
102.0 30.8421052632
103.0 34.6666666667
104.0 27.8181818182
105.0 34.0
106.0 30.9473684211
107.0 28.1538461538
108.0 34.9333333333
109.0 36.1538461538
110.0 28.0
111.0 23.7142857143
112.0 26.64
113.0 25.7142857143
114.0 31.8
115.0 26.0
116.0 28.3333333333
117.0 27.1428571429
118.0 26.8888888889
119.0 22.0
120.0 25.9166666667
121.0 35.3333333333
122.0 31.5
124.0 37.0
125.0 29.2
126.0 25.2857142857
127.0 28.2222222222
128.0 24.7142857143
129.0 26.0
130.0 28.2
131.0 31.0909090909
132.0 35.1428571429
133.0 22.8333333333
134.0 41.2
135.0 26.0
136.0 27.8
138.0 25.8181818182
139.0 23.7
140.0 33.3333333333
143.0 27.0
144.0 25.2857142857
145.0 29.4444444444
146.0 30.1818181818
147.0 36.8888888889
148.0 30.1666666667
149.0 32.0
150.0 25.7894736842
151.0 34.5
152.0 34.2857142857
153.0 29.4285714286
154.0 23.8666666667
155.0 36.8571428571
156.0 29.1111111111
157.0 42.3636363636
158.0 25.75
159.0 40.6666666667
162.0 37.0
163.0 29.3333333333
164.0 29.4117647059
165.0 33.7647058824
166.0 28.0
167.0 28.0
168.0 32.0
169.0 25.0769230769
170.0 25.1666666667
171.0 26.6666666667
172.0 27.8461538462
173.0 30.7272727273
174.0 30.8888888889
175.0 27.0
