3.0 28.0833333333
4.0 31.2173913043
4.0 27.2380952381
5.0 28.6315789474
6.0 32.1176470588
7.0 30.4210526316
8.0 32.125
10.0 32.1176470588
10.0 30.5263157895
11.0 32.8235294118
12.0 25.2173913043
13.0 31.6
15.0 33.1578947368
15.0 28.3333333333
17.0 27.8095238095
17.0 30.25
18.0 28.347826087
19.0 32.2222222222
20.0 31.1304347826
21.0 32.0
22.0 31.9090909091
23.0 25.5833333333
24.0 26.5454545455
25.0 37.4736842105
26.0 30.9166666667
27.0 28.2222222222
28.0 30.3
29.0 26.380952381
30.0 29.0
31.0 27.3846153846
32.0 30.7619047619
34.0 28.3636363636
35.0 32.0
36.0 28.2105263158
36.0 32.6956521739
37.0 27.7894736842
38.0 30.5454545455
40.0 31.0476190476
40.0 34.3333333333
41.0 31.7
42.0 32.2
44.0 31.0909090909
44.0 28.4761904762
45.0 31.125
47.0 26.4210526316
47.0 33.5238095238
49.0 30.4
49.0 29.8
50.0 25.4545454545
51.0 31.25
52.0 28.3333333333
53.0 27.9090909091
55.0 27.7777777778
55.0 34.7692307692
56.0 32.4347826087
57.0 31.7272727273
58.0 32.0
59.0 30.8888888889
60.0 28.375
61.0 27.8181818182
62.0 33.6363636364
63.0 33.5238095238
65.0 26.2727272727
66.0 33.0476190476
66.0 31.8947368421
67.0 25.6842105263
68.0 28.0
69.0 31.0344827586
70.0 25.0833333333
71.0 35.2941176471
72.0 29.5454545455
73.0 33.3333333333
74.0 28.5
75.0 29.1111111111
76.0 29.4782608696
77.0 31.0476190476
78.0 29.8947368421
79.0 30.9523809524
80.0 27.92
81.0 31.1111111111
82.0 34.8235294118
83.0 29.652173913
84.0 27.9230769231
85.0 26.1176470588
86.0 33.1578947368
88.0 34.2105263158
88.0 30.6
89.0 32.2727272727
91.0 33.125
91.0 31.9047619048
92.0 26.5263157895
93.0 32.0
94.0 31.8260869565
95.0 41.6842105263
96.0 30.1052631579
97.0 32.8
98.0 26.5263157895
99.0 34.7
100.0 34.4545454545
101.0 32.9565217391
103.0 31.8888888889
103.0 27.2727272727
104.0 35.0
105.0 31.0434782609
106.0 34.4
107.0 31.8095238095
108.0 30.56
109.0 23.52
110.0 29.7272727273
111.0 30.75
112.0 27.8095238095
113.0 28.2352941176
114.0 24.75
116.0 26.1904761905
116.0 30.6153846154
117.0 35.5238095238
118.0 30.0
119.0 32.1333333333
120.0 29.1818181818
122.0 27.2
124.0 33.2941176471
125.0 27.8666666667
127.0 23.5555555556
127.0 33.7777777778
128.0 28.2666666667
130.0 28.32
131.0 30.5
131.0 30.9
132.0 31.2631578947
133.0 31.5789473684
134.0 26.2
135.0 32.6666666667
136.0 32.3333333333
137.0 31.0909090909
138.0 32.0
139.0 21.3333333333
143.0 25.4117647059
144.0 27.8571428571
145.0 33.5789473684
146.0 30.8
147.0 31.5789473684
148.0 30.0
149.0 29.8095238095
150.0 33.2
151.0 28.8181818182
152.0 30.0
153.0 34.2222222222
154.0 30.2
155.0 30.625
156.0 25.7142857143
157.0 31.0
159.0 27.0588235294
159.0 36.5882352941
163.0 34.375
164.0 27.75
166.0 34.7692307692
166.0 27.6666666667
167.0 28.6315789474
168.0 32.2857142857
169.0 28.9
170.0 26.8333333333
171.0 25.0526315789
172.0 32.7619047619
173.0 28.2727272727
174.0 29.6
175.0 35.6666666667
